0 0.087758 0.231236 0.057522 0.180924
0 0.171091 0.232547 0.047198 0.199279
0 0.252950 0.233858 0.048673 0.175680
0 0.342183 0.233858 0.056047 0.170436
0 0.424779 0.233858 0.056047 0.170436
0 0.508112 0.235169 0.057522 0.188791
0 0.591445 0.233858 0.050147 0.170436
0 0.671829 0.236480 0.054572 0.180924
0 0.757375 0.237791 0.075221 0.178302
0 0.845870 0.222058 0.072271 0.152081
0 0.930678 0.218125 0.064897 0.154703
0 0.081121 0.560308 0.053097 0.220256
0 0.165192 0.560308 0.050147 0.235988
0 0.250737 0.558997 0.044248 0.222878
0 0.337021 0.565552 0.051622 0.235988
0 0.419617 0.572108 0.054572 0.249099
0 0.502950 0.557686 0.064897 0.256965
0 0.586283 0.543265 0.051622 0.207145
0 0.668142 0.555064 0.056047 0.256965
0 0.752212 0.541953 0.061947 0.220256
0 0.836283 0.564241 0.058997 0.243854
0 0.921091 0.555064 0.057522 0.262209
0 0.087021 0.859226 0.053097 0.225500
0 0.168142 0.833006 0.064897 0.272697
0 0.253687 0.857915 0.056047 0.249099
0 0.339971 0.852671 0.066372 0.254343
0 0.422566 0.851360 0.066372 0.241232
0 0.511799 0.839561 0.058997 0.259587
0 0.601032 0.864471 0.060472 0.225500
0 0.676991 0.869715 0.058997 0.220256
0 0.762537 0.860538 0.061947 0.238610
0 0.846608 0.865782 0.064897 0.228122
0 0.935103 0.842183 0.064897 0.270075