0 0.095870 0.245657 0.061947 0.204523
0 0.182153 0.252212 0.060472 0.212389
0 0.266224 0.253523 0.063422 0.215011
0 0.349558 0.258768 0.058997 0.230744
0 0.435841 0.258768 0.069322 0.225500
0 0.520649 0.261390 0.064897 0.230744
0 0.608407 0.248279 0.060472 0.204523
0 0.691003 0.249590 0.072271 0.207145
0 0.778761 0.254834 0.070796 0.217634
0 0.865782 0.256146 0.067847 0.220256
0 0.949853 0.260079 0.070796 0.222878
0 0.938053 0.517044 0.070796 0.249099
0 0.853245 0.526221 0.072271 0.256965
0 0.765487 0.527532 0.076696 0.280564
0 0.682891 0.553753 0.056047 0.233366
0 0.599558 0.532776 0.066372 0.249099
0 0.518437 0.526221 0.066372 0.256965
0 0.434366 0.528843 0.066372 0.251721
0 0.350295 0.532776 0.057522 0.238610
0 0.266224 0.549820 0.060472 0.220256
0 0.183628 0.534087 0.051622 0.241232
0 0.096608 0.535398 0.072271 0.238610
0 0.086283 0.892003 0.054572 0.207145
0 0.176991 0.890692 0.053097 0.215011
0 0.260324 0.886349 0.063422 0.227303
0 0.343658 0.888069 0.061947 0.220256
0 0.426991 0.892904 0.060472 0.214192
0 0.517699 0.885038 0.070796 0.229925
0 0.597345 0.884136 0.058997 0.228122
0 0.674779 0.883727 0.063422 0.232547
0 0.763274 0.882416 0.066372 0.235169
0 0.848820 0.888971 0.057522 0.222058
0 0.932891 0.886349 0.060472 0.227303