0 0.070573 0.395370 0.074479 0.264815
0 0.156510 0.373148 0.072396 0.318519
0 0.239583 0.387037 0.068750 0.253704
0 0.323177 0.389352 0.075521 0.258333
0 0.408854 0.368056 0.075000 0.289815
0 0.493229 0.368519 0.072917 0.309259
0 0.576823 0.403241 0.076563 0.243519
0 0.664844 0.390278 0.076563 0.275000
0 0.745052 0.384259 0.069271 0.292593
0 0.835156 0.400463 0.072396 0.254630
0 0.921354 0.379630 0.075000 0.264815
0 0.062240 0.770833 0.079687 0.282407
0 0.150260 0.772685 0.075521 0.278704
0 0.233333 0.768981 0.075000 0.284259
0 0.322396 0.764815 0.070833 0.275926
0 0.405990 0.789815 0.079687 0.324074
0 0.491406 0.747685 0.076563 0.260185
0 0.576823 0.765278 0.082812 0.284259
0 0.667448 0.749074 0.084896 0.242593
0 0.754427 0.790741 0.078646 0.296296
0 0.840625 0.768981 0.072917 0.263889
0 0.927604 0.764352 0.078125 0.267593
