0 0.069322 0.326942 0.053097 0.230744
0 0.075221 0.614061 0.064897 0.254343
0 0.156342 0.324320 0.053097 0.241232
0 0.161504 0.607506 0.057522 0.277942
0 0.247050 0.631105 0.054572 0.241232
0 0.241888 0.319076 0.058997 0.220256
0 0.325959 0.336119 0.058997 0.238610
0 0.331121 0.631105 0.060472 0.246477
0 0.408555 0.333497 0.067847 0.249099
0 0.494838 0.336119 0.063422 0.259587
0 0.574484 0.311209 0.063422 0.225500
0 0.657080 0.319076 0.060472 0.241232
0 0.739676 0.320387 0.063422 0.233366
0 0.828909 0.334808 0.061947 0.262209
0 0.914454 0.334808 0.070796 0.251721
0 0.412979 0.603573 0.061947 0.270075
0 0.502950 0.610128 0.058997 0.293674
0 0.584071 0.641593 0.061947 0.241232
0 0.668142 0.645526 0.058997 0.233366
0 0.751475 0.644215 0.063422 0.246477
0 0.842920 0.637660 0.066372 0.238610
0 0.924041 0.607506 0.078171 0.283186