0 0.030071 0.262055 0.055425 0.238994
0 0.105542 0.264151 0.060142 0.234801
0 0.186910 0.248428 0.057783 0.220126
0 0.275943 0.257862 0.056604 0.230608
0 0.359670 0.273585 0.063679 0.270440
0 0.445165 0.259958 0.067217 0.226415
0 0.528892 0.261006 0.064858 0.241090
0 0.616745 0.251572 0.058962 0.226415
0 0.700472 0.274633 0.070755 0.259958
0 0.784788 0.250524 0.071934 0.211740
0 0.875000 0.250524 0.061321 0.207547
0 0.959906 0.250524 0.056604 0.207547
0 0.026533 0.539832 0.053066 0.299790
0 0.100825 0.538784 0.071934 0.280922
0 0.188090 0.528302 0.064858 0.293501
0 0.275354 0.551363 0.062500 0.247379
0 0.357901 0.557652 0.067217 0.234801
0 0.441627 0.569182 0.062500 0.224319
0 0.527712 0.564990 0.062500 0.232704
0 0.613797 0.546122 0.062500 0.257862
0 0.698113 0.556604 0.066038 0.257862
0 0.787146 0.555556 0.064858 0.255765
0 0.871462 0.555556 0.066038 0.268344
0 0.955778 0.546122 0.060142 0.262055
0 0.027123 0.896226 0.054245 0.207547
0 0.109670 0.898323 0.058962 0.203354
0 0.197524 0.898323 0.057783 0.203354
0 0.281250 0.894130 0.053066 0.203354
0 0.365566 0.898323 0.058962 0.203354
0 0.452241 0.899371 0.057783 0.201258
0 0.541274 0.895178 0.054245 0.201258
0 0.623821 0.896226 0.058962 0.207547
0 0.713443 0.897275 0.054245 0.205451
0 0.799528 0.900419 0.051887 0.199161
0 0.883844 0.907757 0.060142 0.184486
0 0.971698 0.902516 0.056604 0.194969