0 0.041406 0.325000 0.073438 0.261111
0 0.128646 0.343519 0.070833 0.231481
0 0.218490 0.322222 0.077604 0.279630
0 0.302604 0.329630 0.075000 0.259259
0 0.388542 0.323148 0.069792 0.259259
0 0.475781 0.303704 0.070312 0.309259
0 0.559115 0.303704 0.068229 0.311111
0 0.640625 0.340278 0.068750 0.228704
0 0.728646 0.324537 0.071875 0.260185
0 0.812500 0.338889 0.068750 0.233333
0 0.900521 0.316667 0.073958 0.272222
0 0.973437 0.315741 0.053125 0.266667
0 0.044010 0.706944 0.073438 0.262037
0 0.127865 0.710185 0.073438 0.253704
0 0.223438 0.698611 0.079167 0.250926
0 0.312500 0.711111 0.087500 0.283333
0 0.391927 0.729167 0.079687 0.321296
