0 0.957547 0.352201 0.056604 0.264151
0 0.872642 0.354298 0.056604 0.238994
0 0.785967 0.341719 0.060142 0.234801
0 0.698113 0.342767 0.047170 0.228512
0 0.608491 0.344864 0.054245 0.228512
0 0.527123 0.360587 0.063679 0.259958
0 0.439858 0.356394 0.063679 0.247379
0 0.352005 0.354298 0.057783 0.264151
0 0.268868 0.345912 0.056604 0.238994
0 0.186321 0.346960 0.054245 0.236897
0 0.096108 0.339623 0.064858 0.226415
0 0.022995 0.340671 0.045991 0.236897
0 0.023585 0.645702 0.047170 0.264151
0 0.100236 0.648847 0.056604 0.232704
0 0.185142 0.647799 0.061321 0.251572
0 0.270047 0.659329 0.058962 0.228512
0 0.352594 0.647799 0.061321 0.234801
0 0.439269 0.641509 0.062500 0.268344
0 0.522406 0.634172 0.058962 0.283019
0 0.607311 0.641509 0.054245 0.247379
0 0.689858 0.658281 0.058962 0.218029
0 0.775943 0.637317 0.061321 0.264151
0 0.858491 0.635220 0.075472 0.251572
0 0.948703 0.631027 0.064858 0.255765