0 0.088496 0.305965 0.058997 0.235988
0 0.174779 0.311209 0.054572 0.235988
0 0.261062 0.325631 0.056047 0.212389
0 0.342920 0.313832 0.051622 0.230744
0 0.430678 0.305965 0.053097 0.235988
0 0.512537 0.294166 0.048673 0.280564
0 0.595870 0.302032 0.056047 0.243854
0 0.679204 0.320387 0.051622 0.191413
0 0.763274 0.294166 0.063422 0.280564
0 0.848820 0.300721 0.066372 0.235988
0 0.935841 0.288922 0.072271 0.249099
0 0.008112 0.674369 0.016224 0.212389
0 0.086283 0.673058 0.045723 0.209767
0 0.169617 0.682235 0.056047 0.254343
0 0.255162 0.671747 0.056047 0.233366
0 0.339233 0.678302 0.061947 0.251721
0 0.421829 0.682235 0.061947 0.254343
0 0.509587 0.676991 0.069322 0.243854
0 0.589971 0.657325 0.050147 0.209767
0 0.670354 0.667814 0.057522 0.246477
0 0.751475 0.665192 0.063422 0.235988
0 0.841445 0.682235 0.063422 0.270075
0 0.928466 0.671747 0.057522 0.259587
0 0.931416 0.913881 0.078171 0.172239
0 0.857670 0.934857 0.063422 0.130285
0 0.766224 0.933546 0.057522 0.132907
0 0.684366 0.936168 0.053097 0.127663
0 0.599558 0.929613 0.066372 0.140774
0 0.512537 0.909948 0.060472 0.180105
0 0.424041 0.907325 0.045723 0.185349
0 0.429941 0.818584 0.001475 0.028843
0 0.349558 0.921747 0.058997 0.156506
0 0.259587 0.928302 0.047198 0.143396
0 0.173304 0.917814 0.063422 0.164372
0 0.092920 0.925680 0.058997 0.148640