0 0.022995 0.244235 0.045991 0.199161
0 0.090802 0.241090 0.066038 0.192872
0 0.182783 0.240042 0.061321 0.199161
0 0.265330 0.240042 0.058962 0.190776
0 0.347288 0.240042 0.062500 0.190776
0 0.432193 0.244235 0.060142 0.190776
0 0.517689 0.238994 0.063679 0.188679
0 0.605542 0.235849 0.060142 0.178197
0 0.689269 0.229560 0.064858 0.199161
0 0.779481 0.237945 0.056604 0.190776
0 0.866745 0.243187 0.054245 0.192872
0 0.949292 0.240042 0.058962 0.186583
0 0.024764 0.571279 0.047170 0.220126
0 0.103774 0.570231 0.061321 0.226415
0 0.189269 0.576520 0.064858 0.243187
0 0.274764 0.570231 0.056604 0.247379
0 0.360259 0.578616 0.060142 0.259958
0 0.445165 0.579665 0.062500 0.257862
0 0.533608 0.585954 0.055425 0.262055
0 0.616156 0.570231 0.053066 0.247379
0 0.703420 0.570231 0.057783 0.243187
0 0.795401 0.584906 0.053066 0.238994
0 0.880896 0.587002 0.054245 0.226415
0 0.962264 0.582809 0.058962 0.268344
0 0.950472 0.859539 0.061321 0.247379
0 0.866745 0.864780 0.061321 0.257862
0 0.783019 0.867925 0.061321 0.259958
0 0.696344 0.886792 0.057783 0.213836
0 0.610849 0.861635 0.061321 0.243187
0 0.525943 0.860587 0.051887 0.266247
0 0.443396 0.867925 0.056604 0.251572
0 0.357901 0.879455 0.057783 0.224319
0 0.273585 0.888889 0.054245 0.213836
0 0.187500 0.882600 0.054245 0.234801
0 0.104363 0.888889 0.055425 0.218029
0 0.024764 0.874214 0.049528 0.243187