0 0.048698 0.282407 0.075521 0.268519
0 0.133333 0.285185 0.067708 0.270370
0 0.217448 0.282870 0.074479 0.262037
0 0.305469 0.271759 0.071354 0.245370
0 0.386458 0.300926 0.077083 0.298148
0 0.477604 0.267130 0.075000 0.237963
0 0.563802 0.284259 0.079687 0.255556
0 0.651563 0.267130 0.075000 0.236111
0 0.734375 0.288889 0.078125 0.281481
0 0.818229 0.272685 0.064583 0.249074
0 0.905208 0.273148 0.070833 0.259259
0 0.049479 0.572685 0.072917 0.263889
0 0.134635 0.594444 0.065104 0.231481
0 0.225000 0.578241 0.081250 0.286111
0 0.309375 0.578704 0.066667 0.259259
0 0.394271 0.575463 0.071875 0.267593
0 0.478385 0.556481 0.073438 0.316667
0 0.567187 0.560185 0.072917 0.305556
0 0.646094 0.591667 0.063021 0.240741
0 0.733333 0.578241 0.059375 0.263889
0 0.817969 0.593981 0.072396 0.232407
0 0.903646 0.571296 0.079167 0.281481
0 0.047135 0.912500 0.073438 0.175000
0 0.136458 0.912500 0.085417 0.175000
0 0.228125 0.912500 0.077083 0.175000
0 0.315885 0.912037 0.083854 0.175926
0 0.399740 0.911574 0.077604 0.176852
