0 0.106722 0.380503 0.057783 0.253669
0 0.030071 0.380503 0.057783 0.241090
0 0.188679 0.363732 0.056604 0.232704
0 0.277123 0.368973 0.058962 0.234801
0 0.360849 0.385744 0.068396 0.276730
0 0.446344 0.370021 0.060142 0.245283
0 0.532429 0.372117 0.067217 0.249476
0 0.616156 0.364780 0.060142 0.230608
0 0.704009 0.381551 0.063679 0.280922
0 0.792453 0.366876 0.063679 0.226415
0 0.876769 0.360587 0.064858 0.226415
0 0.960495 0.357442 0.060142 0.232704
0 0.027712 0.660377 0.053066 0.289308
0 0.102594 0.667715 0.070755 0.270440
0 0.192807 0.661426 0.062500 0.299790
0 0.274175 0.686583 0.064858 0.253669
0 0.359080 0.679245 0.067217 0.243187
0 0.443986 0.683438 0.062500 0.234801
0 0.529481 0.679245 0.063679 0.234801
0 0.618514 0.671908 0.064858 0.228512
0 0.701651 0.674004 0.068396 0.245283
0 0.793632 0.670860 0.058962 0.243187
0 0.873821 0.677149 0.068396 0.259958
0 0.961085 0.664570 0.063679 0.255765