0 0.054688 0.406019 0.077083 0.273148
0 0.051562 0.695833 0.071875 0.269444
0 0.138021 0.721759 0.071875 0.232407
0 0.140365 0.404630 0.077604 0.277778
0 0.224479 0.401389 0.070833 0.262037
0 0.231250 0.700926 0.077083 0.292593
0 0.310417 0.706481 0.069792 0.270370
0 0.310937 0.394444 0.071875 0.259259
0 0.391406 0.420370 0.074479 0.301852
0 0.480990 0.386574 0.073438 0.247222
0 0.567448 0.402778 0.081771 0.279630
0 0.657813 0.390741 0.081250 0.231481
0 0.740625 0.418056 0.077083 0.282407
0 0.823698 0.399074 0.069271 0.261111
0 0.909635 0.393056 0.080729 0.269444
0 0.909896 0.693981 0.075000 0.276852
0 0.819271 0.714815 0.070833 0.244444
0 0.736198 0.704630 0.075521 0.268519
0 0.650521 0.713426 0.066667 0.234259
0 0.569271 0.685648 0.078125 0.299074
0 0.482552 0.685185 0.076563 0.307407
0 0.397135 0.703241 0.070312 0.269444
