0 0.024175 0.453878 0.045991 0.220126
0 0.101415 0.459119 0.061321 0.238994
0 0.188679 0.461216 0.056604 0.243187
0 0.273585 0.455975 0.058962 0.245283
0 0.359080 0.467505 0.060142 0.251572
0 0.443396 0.468553 0.063679 0.253669
0 0.527712 0.468553 0.069575 0.262055
0 0.613797 0.450734 0.057783 0.226415
0 0.701061 0.451782 0.057783 0.236897
0 0.787736 0.462264 0.061321 0.245283
0 0.875590 0.470650 0.062500 0.241090
0 0.960495 0.467505 0.062500 0.264151
0 0.952241 0.745283 0.057783 0.257862
0 0.867335 0.752621 0.060142 0.247379
0 0.778302 0.756813 0.063679 0.268344
0 0.691627 0.773585 0.062500 0.230608
0 0.606722 0.757862 0.060142 0.266247
0 0.522995 0.750524 0.055425 0.285115
0 0.438679 0.757862 0.066038 0.274633
0 0.354363 0.765199 0.060142 0.238994
0 0.272995 0.776730 0.062500 0.224319
0 0.186910 0.767296 0.060142 0.251572
0 0.098467 0.766247 0.055425 0.245283
0 0.024764 0.762055 0.049528 0.274633