0 0.064897 0.235169 0.067847 0.183546
0 0.151180 0.239102 0.063422 0.170436
0 0.235251 0.231236 0.054572 0.170436
0 0.317847 0.240413 0.054572 0.199279
0 0.401917 0.250901 0.060472 0.209767
0 0.494838 0.248279 0.069322 0.199279
0 0.657080 0.245657 0.063422 0.199279
0 0.824484 0.240413 0.061947 0.209767
0 0.736726 0.228614 0.063422 0.159948
0 0.570059 0.224680 0.069322 0.162570
0 0.907080 0.248279 0.076696 0.209767
0 0.071534 0.509177 0.066372 0.259587
0 0.158555 0.486890 0.054572 0.283186
0 0.239676 0.514422 0.057522 0.233366
0 0.324484 0.502622 0.061947 0.235988
0 0.407080 0.498689 0.058997 0.233366
0 0.496313 0.493445 0.063422 0.264831
0 0.581858 0.526221 0.063422 0.215011
0 0.664454 0.524910 0.054572 0.222878
0 0.754425 0.526221 0.054572 0.215011
0 0.836283 0.518355 0.056047 0.225500
0 0.918879 0.500000 0.061947 0.246477
0 0.923304 0.877581 0.064897 0.235988
0 0.836283 0.879794 0.058997 0.240413
0 0.753687 0.882416 0.064897 0.235169
0 0.668142 0.868404 0.064897 0.238610
0 0.579646 0.885038 0.064897 0.229925
0 0.494100 0.868404 0.061947 0.222878
0 0.404867 0.875860 0.063422 0.248279
0 0.325959 0.873238 0.058997 0.253523
0 0.235251 0.878482 0.060472 0.243035
0 0.151917 0.882416 0.061947 0.235169
0 0.065634 0.885038 0.060472 0.229925