0 0.023585 0.302935 0.047170 0.291405
0 0.094929 0.306080 0.062500 0.285115
0 0.182193 0.301887 0.062500 0.280922
0 0.268868 0.327044 0.056604 0.243187
0 0.353184 0.328092 0.062500 0.228512
0 0.436321 0.341719 0.058962 0.213836
0 0.521816 0.333333 0.057783 0.226415
0 0.608491 0.320755 0.056604 0.226415
0 0.689858 0.322851 0.066038 0.230608
0 0.779481 0.318658 0.058962 0.243187
0 0.863797 0.324948 0.064858 0.255765
0 0.948703 0.318658 0.062500 0.251572
0 0.025943 0.687631 0.051887 0.230608
0 0.026533 0.723270 0.010613 0.004193
0 0.105542 0.684486 0.064858 0.253669
0 0.193396 0.692872 0.066038 0.253669
0 0.275354 0.684486 0.060142 0.253669
0 0.361439 0.690776 0.067217 0.270440
0 0.446344 0.701258 0.062500 0.249476
0 0.529481 0.694969 0.068396 0.270440
0 0.617335 0.684486 0.064858 0.249476
0 0.705778 0.679245 0.060142 0.243187
0 0.787146 0.693920 0.071934 0.243187
0 0.882075 0.687631 0.061321 0.243187
0 0.964623 0.693920 0.066038 0.264151
0 0.024764 0.931866 0.049528 0.136268
0 0.103774 0.938155 0.056604 0.123690
0 0.190448 0.933962 0.050708 0.132075
0 0.274764 0.946541 0.054245 0.106918
0 0.362618 0.938155 0.057783 0.123690
0 0.447524 0.926625 0.055425 0.146751
0 0.561910 0.875262 0.001179 0.002096
0 0.530071 0.923480 0.062500 0.153040
0 0.609670 0.924528 0.058962 0.146751
0 0.698703 0.946541 0.057783 0.106918
0 0.781840 0.929769 0.068396 0.140461
0 0.867335 0.932914 0.057783 0.134172
0 0.950472 0.922432 0.061321 0.155136