0 0.075959 0.444936 0.054572 0.235988
0 0.162242 0.446247 0.058997 0.238610
0 0.245575 0.438381 0.060472 0.228122
0 0.331121 0.451491 0.060472 0.233366
0 0.415192 0.455424 0.060472 0.256965
0 0.501475 0.441003 0.064897 0.243854
0 0.578171 0.427892 0.058997 0.212389
0 0.665192 0.435759 0.056047 0.238610
0 0.750000 0.427892 0.057522 0.233366
0 0.834071 0.448869 0.063422 0.254343
0 0.924041 0.447558 0.066372 0.267453
0 0.932891 0.729433 0.072271 0.280564
0 0.846608 0.750410 0.064897 0.233366
0 0.759587 0.758276 0.053097 0.249099
0 0.678466 0.759587 0.064897 0.230744
0 0.593658 0.758276 0.063422 0.243854
0 0.505162 0.728122 0.060472 0.288430
0 0.421091 0.721567 0.057522 0.249099
0 0.339971 0.738610 0.066372 0.262209
0 0.254425 0.743854 0.057522 0.251721
0 0.166667 0.722878 0.053097 0.298918
0 0.084071 0.741232 0.056047 0.235988