0 0.045052 0.835185 0.074479 0.262963
0 0.133854 0.837037 0.087500 0.274074
0 0.223438 0.820833 0.079167 0.239815
0 0.315885 0.845833 0.090104 0.308333
0 0.397656 0.844444 0.082812 0.311111
0 0.043750 0.448611 0.072917 0.273148
0 0.132812 0.467593 0.072917 0.229630
0 0.223438 0.448611 0.078125 0.286111
0 0.305729 0.450463 0.071875 0.269444
0 0.391667 0.450463 0.071875 0.260185
0 0.475781 0.428241 0.075521 0.319444
0 0.562760 0.428704 0.075521 0.307407
0 0.642969 0.463426 0.069271 0.234259
0 0.730208 0.451852 0.071875 0.264815
0 0.812760 0.462500 0.067187 0.230556
0 0.901302 0.440741 0.077604 0.275926
0 0.973958 0.440278 0.052083 0.280556
0 0.045312 0.215741 0.069792 0.140741
0 0.132552 0.218056 0.076563 0.139815
0 0.216406 0.214815 0.065104 0.138889
0 0.301563 0.207407 0.063542 0.120370
0 0.387500 0.231481 0.066667 0.168519
0 0.471354 0.202778 0.067708 0.111111
0 0.557813 0.216204 0.070833 0.141667
0 0.647917 0.204167 0.083333 0.113889
0 0.733594 0.226389 0.075521 0.158333
0 0.820573 0.212037 0.068229 0.129630
0 0.901823 0.207870 0.074479 0.125000
0 0.977344 0.211574 0.045312 0.130556
