0 0.068229 0.274074 0.076042 0.250000
0 0.152344 0.279630 0.077604 0.268519
0 0.234375 0.272222 0.069792 0.251852
0 0.320573 0.277778 0.077604 0.259259
0 0.405208 0.273148 0.075000 0.250000
0 0.489323 0.275463 0.071354 0.260185
0 0.574479 0.285185 0.078125 0.253704
0 0.659635 0.289815 0.073438 0.240741
0 0.741667 0.284259 0.076042 0.251852
0 0.825781 0.279167 0.078646 0.234259
0 0.915104 0.269444 0.073958 0.246296
0 0.921094 0.634259 0.064062 0.274074
0 0.837760 0.647222 0.077604 0.251852
0 0.749479 0.657870 0.073958 0.271296
0 0.665104 0.631019 0.082292 0.237963
0 0.573958 0.648148 0.077083 0.272222
0 0.485938 0.633333 0.078125 0.248148
0 0.400521 0.667593 0.073958 0.309259
0 0.320312 0.642593 0.064583 0.275926
0 0.230208 0.643981 0.073958 0.267593
0 0.147135 0.652315 0.081771 0.278704
0 0.060156 0.648611 0.074479 0.278704
0 0.057292 0.906019 0.077083 0.187963
0 0.144010 0.920370 0.068229 0.159259
0 0.234896 0.898611 0.080208 0.202778
0 0.320573 0.907870 0.067187 0.184259
0 0.406510 0.911111 0.073438 0.177778
0 0.492708 0.890741 0.072917 0.218519
0 0.581510 0.891204 0.076563 0.217593
0 0.663802 0.923611 0.073438 0.152778
0 0.750521 0.910648 0.070833 0.178704
0 0.836979 0.923148 0.068750 0.153704
0 0.921094 0.901389 0.077604 0.197222
