0 0.024764 0.423480 0.049528 0.301887
0 0.097877 0.423480 0.066038 0.289308
0 0.188090 0.418239 0.064858 0.308176
0 0.271816 0.431866 0.053066 0.268344
0 0.354953 0.447589 0.066038 0.232704
0 0.439269 0.454927 0.060142 0.218029
0 0.523585 0.451782 0.066038 0.224319
0 0.607311 0.430818 0.054245 0.249476
0 0.695755 0.441300 0.061321 0.249476
0 0.784788 0.432914 0.060142 0.236897
0 0.865566 0.437107 0.061321 0.257862
0 0.952830 0.426625 0.058962 0.253669
0 0.027712 0.793501 0.053066 0.232704
0 0.107901 0.801887 0.062500 0.253669
0 0.193986 0.802935 0.062500 0.259958
0 0.279481 0.798742 0.056604 0.247379
0 0.365566 0.805031 0.063679 0.268344
0 0.449882 0.809224 0.064858 0.268344
0 0.534198 0.810273 0.068396 0.270440
0 0.620873 0.802935 0.062500 0.251572
0 0.710495 0.796646 0.057783 0.234801
0 0.793632 0.796646 0.068396 0.259958
0 0.883255 0.801887 0.063679 0.253669
0 0.965802 0.816562 0.063679 0.266247